              precision    recall  f1-score   support

           0       0.80      0.57      0.67         7
           1       1.00      1.00      1.00         6
           2       0.33      0.40      0.36         5
           3       0.57      0.50      0.53         8
           4       0.67      0.57      0.62         7
           5       0.83      0.83      0.83         6
           6       0.67      1.00      0.80         6

    accuracy                           0.69        45
   macro avg       0.70      0.70      0.69        45
weighted avg       0.70      0.69      0.69        45
